0.0 0.0 0 1 1 1
-0.32000000000000006 -0.2200000000000002 0 1 1 1
-0.4099999999999999 -0.44999999999999996 0 1 1 1
-0.2400000000000002 -0.6200000000000001 0 1 1 1
-0.45999999999999996 -0.8200000000000001 0 1 1 1
-0.26 -1.15 0 1 1 1
-0.77 -0.8200000000000001 0 1 1 1
-0.7350000000000001 -1.23 0 1 1 1
-1.01 -0.6100000000000001 0 1 1 1
-1.329 -1.03 0 1 1 1
-0.2200000000000002 0.18000000000000016 0 1 1 1
-0.14000000000000012 0.31999999999999984 0 1 1 1
-0.3600000000000001 0.5800000000000001 0 1 1 1
-0.5700000000000001 0.25 0 1 1 1
-0.8300000000000001 0.18000000000000016 0 1 1 1
-1.08 0.3999999999999999 0 1 1 1
-1.571 0.29499999999999993 0 1 1 1
-0.7829999999999999 0.48 0 1 1 1
-0.6180000000000001 0.5499999999999998 0 1 1 1
-0.6539999999999999 0.7599999999999998 0 1 1 1
-0.9670000000000001 1.1257000000000001 0 1 1 1
0.1389999999999998 0.20999999999999996 0 1 1 1
0.04999999999999982 0.3700000000000001 0 1 1 1
0.41000000000000014 0.43000000000000016 0 1 1 1
0.48 0.544 0 1 1 1
0.6230000000000002 0.6800000000000002 0 1 1 1
0.6920000000000002 0.8799999999999999 0 1 1 1
0.29000000000000004 0.69 0 1 1 1
0.16999999999999993 1.35 0 1 1 1
0.32299999999999995 0.052000000000000046 0 1 1 1
0.548 0.18199999999999994 0 1 1 1
0.6739999999999999 0.10000000000000009 0 1 1 1
1.0299999999999998 0.020000000000000018 0 1 1 1
1.1800000000000002 -0.06000000000000005 0 1 1 1
0.9129999999999998 0.2120000000000002 0 1 1 1
0.41999999999999993 0.25 0 1 1 1
0.5899999999999999 0.41999999999999993 0 1 1 1
0.79 0.5699999999999998 0 1 1 1
0.14000000000000012 -0.05799999999999983 0 1 1 1
0.22199999999999998 -0.16999999999999993 0 1 1 1
0.31700000000000017 -0.32000000000000006 0 1 1 1
0.2200000000000002 -0.5 0 1 1 1
0.040000000000000036 -0.8300000000000001 0 1 1 1
0.44899999999999984 -0.5 0 1 1 1
0.6389999999999998 -0.5800000000000001 0 1 1 1
0.77 -1.07 0 1 1 1
0.6499999999999999 -0.07699999999999996 0 1 1 1
0.98 -0.22100000000000009 0 1 1 1