2.25 2.25 0 1 1 1
1.93 2.03 0 0 1 0
1.84 1.8 0 0 1 0
2.01 1.63 0 0 1 0
1.79 1.43 0 0 1 0
1.99 1.1 0 0 1 0
1.48 1.43 0 0 1 0
1.515 1.02 0 0 1 0
1.24 1.64 0 0 1 0
0.921 1.22 0 0 1 0
2.03 2.43 0 1 1 0
2.11 2.57 0 1 1 0
1.89 2.83 0 1 1 0
1.68 2.5 0 1 1 0
1.42 2.43 0 1 1 0
1.17 2.65 0 1 1 0
0.679 2.545 0 1 1 0
1.467 2.73 0 1 1 0
1.632 2.8 0 1 1 0
1.596 3.01 0 1 1 0
1.283 3.3757 0 1 1 0
2.389 2.46 0 1 0 0
2.3 2.62 0 1 0 0
2.66 2.68 0 1 0 0
2.73 2.794 0 1 0 0
2.873 2.93 0 1 0 0
2.942 3.13 0 1 0 0
2.54 2.94 0 1 0 0
2.42 3.6 0 1 0 0
2.573 2.302 0 0 0 1
2.798 2.432 0 0 0 1
2.924 2.35 0 0 0 1
3.28 2.27 0 0 0 1
3.43 2.19 0 0 0 1
3.163 2.462 0 0 0 1
2.67 2.5 0 0 0 1
2.84 2.67 0 0 0 1
3.04 2.82 0 0 0 1
2.39 2.192 0 1 0 1
2.472 2.08 0 1 0 1
2.567 1.93 0 1 0 1
2.47 1.75 0 1 0 1
2.29 1.42 0 1 0 1
2.699 1.75 0 1 0 1
2.889 1.67 0 1 0 1
3.02 1.18 0 1 0 1
2.9 2.173 0 1 0 1
3.23 2.029 0 1 0 1