-0.7 0 1.7 0 1 0
0.7 0 1.7 0 1 0
1.7 0 0.7 0 1 0
1.7 0 -0.7 0 1 0
0.7 0 -1.7 0 1 0
-0.7 0 -1.7 0 1 0
-1.7 0 -0.7 0 1 0
-1.7 0 0.7 0 1 0
-1.4 1.4 3.4 0 1 0
1.4 1.4 3.4 0 1 0
3.4 1.4 1.4 0 1 0
3.4 1.4 -1.4 0 1 0
1.4 1.4 -3.4 0 1 0
-1.4 1.4 -3.4 0 1 0
-3.4 1.4 -1.4 0 1 0
-3.4 1.4 1.4 0 1 0
0 3.5 0 0 1 0
.2 .4 2.17 0 1 0
-.2 .4 2.17 0 1 0
.2 .8 2.67 0 1 0
-.2 .8 2.67 0 1 0
.2 .4 -2.17 0 1 0
-.2 .4 -2.17 0 1 0
.2 .8 -2.67 0 1 0
-.2 .8 -2.67 0 1 0
.2 .4 4 0 1 0
-.2 .4 4 0 1 0
.2 .8 4 0 1 0
-.2 .8 4 0 1 0
.2 .4 -4 0 1 0
-.2 .4 -4 0 1 0
.2 .8 -4 0 1 0
-.2 .8 -4 0 1 0
4 .4 .2 0 1 0
4 .4 -.2 0 1 0
2.17 .4 -.2 0 1 0
2.17 .4 .2 0 1 0
2.67 .8 .2 0 1 0
2.67 .8 -.2 0 1 0
4 .8 .2 0 1 0
4 .8 -.2 0 1 0
-4 .4 .2 0 1 0
-4 .4 -.2 0 1 0
-2.17 .4 -.2 0 1 0
-2.17 .4 .2 0 1 0
-2.67 .8 .2 0 1 0
-2.67 .8 -.2 0 1 0
-4 .8 .2 0 1 0
-4 .8 -.2 0 1 0
0 0 0 0 0 0
1.33 .4 1.7 0 1 0
1.73 .4 1.3 0 1 0
2.66 .4 3 0 1 0
3.06 .4 2.6 0 1 0
2.1 .8 1.7 0 1 0
1.7 .8 2.1 0 1 0
2.66 .8 3 0 1 0
3.06 .8 2.6 0 1 0