-.1 -.25 .1 0 1 0
.1 -.25 .1 0 1 0
.1 -.24 .1 0 1 0
-.1 -.24 .1 0 1 0
/1st block/
-.1 -.22 .1 0 1 0
.1 -.22 .1 0 1 0
.1 -.2 .1 0 1 0
-.1 -.2 .1 0 1 0
/2nd block/
-.1 -.18 .1 0 1 0
.1 -.18 .1 0 1 0
.1 -.14 .1 0 1 0
-.1 -.14 .1 0 1 0
/3rd block/
-.1 -.12 .1 0 1 0
.1 -.12 .1 0 1 0
.1 0 .1 0 1 0
.25 0 .1 0 1 0
0 .25 .1 0 1 0
-.25 0 .1 0 1 0
-.1 0 .1 0 1 0
/arrow (4th block)/
/front/
-.1 -.25 -.1 0 1 0
.1 -.25 -.1 0 1 0
.1 -.24 -.1 0 1 0
-.1 -.24 -.1 0 1 0
/1st block/
-.1 -.22 -.1 0 1 0
.1 -.22 -.1 0 1 0
.1 -.2 -.1 0 1 0
-.1 -.2 -.1 0 1 0
/2nd block/
-.1 -.18 -.1 0 1 0
.1 -.18 -.1 0 1 0
.1 -.14 -.1 0 1 0
-.1 -.14 -.1 0 1 0
/3rd block/
-.1 -.12 -.1 0 1 0
.1 -.12 -.1 0 1 0
.1 0 -.1 0 1 0
.25 0 -.1 0 1 0
0 .25 -.1 0 1 0
-.25 0 -.1 0 1 0
-.1 0 -.1 0 1 0
/arrow (4th block)/
/back/