-.25 -.25 .1 0 1 0
-.155 -.25 .1 0 1 0
-.13 -.05 .1 0 1 0
-.105 -.25 .1 0 1 0
-.005 -.25 .1 0 1 0
-.055 0 .1 0 1 0
-.005 .25 .1 0 1 0
-.105 .25 .1 0 1 0
-.13 .05 .1 0 1 0
-.155 .25 .1 0 1 0
-.25 .25 .1 0 1 0
-.205 0 .1 0 1 0
/x/
.005 -.25 .1 0 1 0
.005 .25 .1 0 1 0
.2 .25 .1 0 1 0
.25 .2 .1 0 1 0
.25 .05 .1 0 1 0
.2 0 .1 0 1 0
.1 0 .1 0 1 0
.1 -.25 .1 0 1 0
/p - outline/
.1 .05 .1 0 1 0
.1 .2 .1 0 1 0
.175 .2 .1 0 1 0
.2 .175 .1 0 1 0
.2 .075 .1 0 1 0
.175 .05 .1 0 1 0
/p - inside/
/front/
-.25 -.25 -.1 0 1 0
-.155 -.25 -.1 0 1 0
-.13 -.05 -.1 0 1 0
-.105 -.25 -.1 0 1 0
-.005 -.25 -.1 0 1 0
-.055 0 -.1 0 1 0
-.005 .25 -.1 0 1 0
-.105 .25 -.1 0 1 0
-.13 .05 -.1 0 1 0
-.155 .25 -.1 0 1 0
-.25 .25 -.1 0 1 0
-.205 0 -.1 0 1 0
/x/
.005 -.25 -.1 0 1 0
.005 .25 -.1 0 1 0
.2 .25 -.1 0 1 0
.25 .2 -.1 0 1 0
.25 .05 -.1 0 1 0
.2 0 -.1 0 1 0
.1 0 -.1 0 1 0
.1 -.25 -.1 0 1 0
/p - outline/
.1 .05 -.1 0 1 0
.1 .2 -.1 0 1 0
.175 .2 -.1 0 1 0
.2 .175 -.1 0 1 0
.2 .075 -.1 0 1 0
.175 .05 -.1 0 1 0
/p - inside/
/back/