-0.4 0.6 0 1 1 1
0.0 1.5 0 1 1 1
0.4 0.6 0 1 1 1
0.4 -0.15 0 1 1 1
0.4 0.0 0 1 1 1
0.8 -0.45 0 1 1 1
1.0 0.0 0 1 1 1
1.0 -0.45 0 1 1 1
1.0 -1.05 0 1 1 1
0.8 -1.35 0 1 1 1
0.8 -1.05 0 1 1 1
0.4 -1.2 0 1 1 1
0.4 -0.9 0 1 1 1
0.4 -0.75 0 1 1 1
0.4 -1.35 0 1 1 1
0.2 -1.5 0 1 1 1
-0.2 -1.5 0 1 1 1
-0.4 -1.35 0 1 1 1
-0.4 -0.75 0 1 1 1
-0.4 -0.9 0 1 1 1
-0.4 -1.2 0 1 1 1
-0.8 -1.05 0 1 1 1
-0.8 -1.35 0 1 1 1
-1.0 -1.05 0 1 1 1
-1.0 -0.45 0 1 1 1
-1.0 0.0 0 1 1 1
-0.8 -0.45 0 1 1 1
-0.4 0.0 0 1 1 1
-0.4 -0.15 0 1 1 1
-0.4 0.0 0 1 1 1