0.0 4.0 0.0 1 1 1
-1.0 3.0 0.0 1 1 1
-2.0 2.0 0.0 1 1 1
-2.0 1.0 0.0 1 1 1
-2.0 0.0 0.0 1 1 1
-2.0 -1.0 0.0 1 1 1
-2.0 -2.0 0.0 1 1 1
-2.0 -3.0 0.0 1 1 1
-1.0 -3.0 0.0 1 1 1
-1.0 -4.0 0.0 1 1 1
0.0 -4.0 0.0 1 1 1
1.0 -4.0 0.0 1 1 1
1.0 -3.0 0.0 1 1 1
2.0 -3.0 0.0 1 1 1
2.0 -2.0 0.0 1 1 1
2.0 -1.0 0.0 1 1 1
2.0 0.0 0.0 1 1 1
2.0 1.0 0.0 1 1 1
2.0 2.0 0.0 1 1 1
1.0 3.0 0.0 1 1 1
0.0 4.0 0.0 1 1 1
/Strzelaj¹ce cosie/
-2.0 2.0 0.0 1 1 1
-2.0 1.0 0.0 1 1 1
-2.0 0.0 0.0 1 1 1
-2.0 -1.0 0.0 1 1 1
-2.0 -2.0 0.0 1 1 1
-2.5 -1.0 0.0 1 1 1
-3.0 -1.0 0.0 1 1 1
-3.0 -0.5 0.0 1 1 1
-3.0 1.0 0.0 1 1 1
-2.5 2.0 0.0 1 1 1
-2.0 2.0 0.0 1 1 1
/Kolejne cosie/
-3.0 -1.5 0.0 1 1 1
-3.0 0.0 0.0 1 1 1
-3.0 1.0 0.0 1 1 1
-3.5 2.5 0.0 1 1 1
-4.0 1.0 0.0 1 1 1
-4.0 0.0 0.0 1 1 1
-4.0 -1.5 0.0 1 1 1
-3.5 -2.5 0.0 1 1 1
-3.0 -1.0 0.0 1 1 1
/Cosie nr1 na minusie/
2.0 2.0 0.0 1 1 1
2.0 1.0 0.0 1 1 1
2.0 0.0 0.0 1 1 1
2.0 -1.0 0.0 1 1 1
2.0 -2.0 0.0 1 1 1
2.5 -1.0 0.0 1 1 1
3.0 -1.0 0.0 1 1 1
3.0 -0.5 0.0 1 1 1
3.0 1.0 0.0 1 1 1
2.5 2.0 0.0 1 1 1
2.0 2.0 0.0 1 1 1
/Cosie nr2 na minusie/
3.0 -1.5 0.0 1 1 1
3.0 0.0 0.0 1 1 1
3.0 1.0 0.0 1 1 1
3.5 2.5 0.0 1 1 1
4.0 1.0 0.0 1 1 1
4.0 0.0 0.0 1 1 1
4.0 -1.5 0.0 1 1 1
3.5 -2.5 0.0 1 1 1
3.0 -1.0 0.0 1 1 1