0.0 0.0 0.0 0 1 0
-0.08 0.0 0.0 0 1 0
-0.0608 0.08480000000000001 0.0 0 1 0
0.04 0.1216 0.0 0 1 0
0.144 0.0464 0.0 0 1 0
0.1424 -0.10400000000000001 0.0 0 1 0
0.0 -0.2 0.0 0 1 0
-0.1808 -0.13119999999999998 0.0 0 1 0
-0.2352 0.07680000000000001 0.0 0 1 0
-0.08480000000000001 0.2592 0.0 0 1 0
0.17440000000000003 0.24 0.0 0 1 0
0.32 0.0 0.0 0 1 0
0.2016 -0.2784 0.0 0 1 0
-0.11359999999999999 -0.3504 0.0 0 1 0
-0.3728 -0.1216 0.0 0 1 0
-0.336 0.2448 0.0 0 1 0
-0.0 0.44000000000000006 0.0 0 1 0
0.376 0.27199999999999996 0.0 0 1 0
0.46399999999999997 -0.1504 0.0 0 1 0
0.1584 -0.4864 0.0 0 1 0