-0.7 0 1.7 0 1 0
0.7 0 1.7 0 1 0
1.7 0 0.7 0 1 0
1.7 0 -0.7 0 1 0
0.7 0 -1.7 0 1 0
-0.7 0 -1.7 0 1 0
-1.7 0 -0.7 0 1 0
-1.7 0 0.7 0 1 0
-1.4 1.4 3.4 0 1 0
1.4 1.4 3.4 0 1 0
3.4 1.4 1.4 0 1 0
3.4 1.4 -1.4 0 1 0
1.4 1.4 -3.4 0 1 0
-1.4 1.4 -3.4 0 1 0
-3.4 1.4 -1.4 0 1 0
-3.4 1.4 1.4 0 1 0
0 3.5 0 0 1 0
.2 .4 2.17 0 1 0 / tyl lufy 1/
-.2 .4 2.17 0 1 0
.2 .8 2.67 0 1 0
-.2 .8 2.67 0 1 0
.2 .4 -2.17 0 1 0 /przod lufy 1/
-.2 .4 -2.17 0 1 0
.2 .8 -2.67 0 1 0
-.2 .8 -2.67 0 1 0
.2 .4 4 0 1 0 /tyl lufy 2/
-.2 .4 4 0 1 0
.2 .8 4 0 1 0
-.2 .8 4 0 1 0
.2 .4 -4 0 1 0 /przod lufy 2/
-.2 .4 -4 0 1 0
.2 .8 -4 0 1 0
-.2 .8 -4 0 1 0
4 .4 .2 0 1 0 / tyl lufy 3/
4 .4 -.2 0 1 0
2.17 .4 -.2 0 1 0
2.17 .4 .2 0 1 0
2.67 .8 .2 0 1 0 /przod lufy 3/
2.67 .8 -.2 0 1 0
4 .8 .2 0 1 0
4 .8 -.2 0 1 0
-4 .4 .2 0 1 0 /tyl lufy 4/
-4 .4 -.2 0 1 0
-2.17 .4 -.2 0 1 0
-2.17 .4 .2 0 1 0
-2.67 .8 .2 0 1 0 /przod lufy 4/
-2.67 .8 -.2 0 1 0
-4 .8 .2 0 1 0
-4 .8 -.2 0 1 0
0 0 0 0 0 0
1.33 .4 1.7 0 1 0 /tyl lufy 5/
1.73 .4 1.3 0 1 0
2.66 .4 3 0 1 0
3.06 .4 2.6 0 1 0
2.1 .8 1.7 0 1 0 /przod lufy 5/
1.7 .8 2.1 0 1 0
2.66 .8 3 0 1 0
3.06 .8 2.6 0 1 0
-1.33 .4 -1.7 0 1 0 /tyl lufy 6/
-1.73 .4 -1.3 0 1 0
-2.66 .4 -3 0 1 0
-3.06 .4 -2.6 0 1 0
-2.1 .8 -1.7 0 1 0 /przod lufy 6/
-1.7 .8 -2.1 0 1 0
-2.66 .8 -3 0 1 0
-3.06 .8 -2.6 0 1 0
1.33 .4 -1.7 0 1 0 /tyl lufy 7/
1.73 .4 -1.3 0 1 0
2.66 .4 -3 0 1 0
3.06 .4 -2.6 0 1 0
2.1 .8 -1.7 0 1 0 /przod lufy 7/
1.7 .8 -2.1 0 1 0
2.66 .8 -3 0 1 0
3.06 .8 -2.6 0 1 0
-1.33 .4 1.7 0 1 0 /tyl lufy 8/
-1.73 .4 1.3 0 1 0
-2.66 .4 3 0 1 0
-3.06 .4 2.6 0 1 0
-2.1 .8 1.7 0 1 0 /przod lufy 8/
-1.7 .8 2.1 0 1 0
-2.66 .8 3 0 1 0
-3.06 .8 2.6 0 1 0