/fajnie krzysiu ¿e doda³eœ komentarze ale troszkê póŸno bo ju¿ nie pamiêtam co w tym kodzie siê dzieje xD/
0 1
0 7
0 8
1 2
1 9
2 3
2 10
3 4
3 11
4 5
4 12
5 6
5 13
6 7
6 14
7 15
8 9
8 16
8 15
9 10
9 16
10 11
10 16
11 12
11 16
12 13
12 16
13 14
13 16
14 15
14 16
15 16
17 18
17 19
17 25
18 20
18 26
19 20
19 27
20 28
21 22
21 23
22 24
23 24
25 26
25 27
26 28
27 28
21 29
22 30
23 31
24 32
29 30
31 32
29 31
30 32
33 34
35 36
33 36
34 35
37 38
39 40
37 39
38 40
33 39
34 40
36 37
35 38
41 42
43 44
41 44
42 43
45 46
47 48
45 47
46 48
44 45
43 46
41 47
42 48
50 51
52 53
51 53
52 50
54 55
51 54
50 55
56 57
54 57
55 56
53 57
52 56
58 60
60 61
61 59
58 59
62 63
63 64
64 65
62 65
59 62
58 63
61 65
60 64
66 67
67 69
69 68
66 68
70 71
71 72
72 73
70 73
68 72
69 73
66 71
67 70
74 76
76 77
75 77
74 75
78 79
79 80
80 81
78 81
75 78
74 79
76 80
77 81