0.0 0.0 0.0 1 1 1
-0.04179728317659352 -0.028735632183908073 0.0 0 1 0
-0.053552769070010435 -0.05877742946708463 0.0 0 1 0
-0.03134796238244517 -0.08098223615464996 0.0 0 1 0
-0.06008359456635317 -0.1071055381400209 0.0 0 1 0
-0.03396029258098224 -0.15020898641588293 0.0 0 1 0
-0.10057471264367816 -0.1071055381400209 0.0 0 1 0
-0.09600313479623825 -0.16065830721003133 0.0 0 1 0
-0.1319226750261233 -0.07967607105538141 0.0 0 1 0
-0.17358934169278997 -0.1345350052246604 0.0 0 1 0
-0.028735632183908073 0.023510971786833874 0.0 1 1 0
-0.01828631138975968 0.0417972831765935 0.0 1 1 0
-0.04702194357366772 0.07575757575757576 0.0 1 1 0
-0.07445141065830721 0.03265412748171368 0.0 1 1 0
-0.10841170323928945 0.023510971786833874 0.0 1 1 0
-0.14106583072100312 0.052246603970741885 0.0 1 1 0
-0.20519853709508878 0.03853187042842214 0.0 1 1 0
-0.10227272727272725 0.06269592476489028 0.0 1 1 0
-0.08072100313479624 0.07183908045977008 0.0 1 1 0
-0.085423197492163 0.09926854754440957 0.0 1 1 0
-0.12630616509926856 0.1470350052246604 0.0 1 1 0
0.018155694879832783 0.027429467084639492 0.0 1 0 0
0.006530825496342714 0.04832810867293627 0.0 1 0 0
0.05355276907001046 0.05616509926854756 0.0 1 0 0
0.06269592476489028 0.07105538140020899 0.0 1 0 0
0.08137408568443054 0.08881922675026124 0.0 1 0 0
0.09038662486938351 0.11494252873563215 0.0 1 0 0
0.03787878787878788 0.09012539184952977 0.0 1 0 0
0.022204806687565297 0.17633228840125392 0.0 1 0 0
0.042189132706374075 0.006792058516196453 0.0 0 0 1
0.07157784743991641 0.023772204806687555 0.0 0 0 1
0.08803552769070008 0.013061650992685487 0.0 0 0 1
0.13453500522466036 0.0026123301985370973 0.0 0 0 1
0.15412748171368862 -0.007836990595611293 0.0 0 0 1
0.11925287356321836 0.027690700104493232 0.0 0 0 1
0.054858934169278985 0.03265412748171368 0.0 0 0 1
0.07706374085684428 0.054858934169278985 0.0 0 0 1
0.10318704284221525 0.07445141065830718 0.0 0 0 1
0.01828631138975968 -0.0075757575757575525 0.0 1 0 1
0.028996865203761747 -0.022204806687565297 0.0 1 0 1
0.04140543364681298 -0.04179728317659352 0.0 1 0 1
0.028735632183908073 -0.06530825496342736 0.0 1 0 1
0.005224660397074195 -0.10841170323928945 0.0 1 0 1
0.05864681295715776 -0.06530825496342736 0.0 1 0 1
0.08346394984326017 -0.07575757575757576 0.0 1 0 1
0.10057471264367816 -0.13975966562173459 0.0 1 0 1
0.08490073145245557 -0.010057471264367809 0.0 1 0 1
0.12800417972831765 -0.02886624869383491 0.0 1 0 1