-2.5 2.5 10 0 1 0
-2.5 -2.5 10 0 1 0
2.5 2.5 10 0 1 0
2.5 -2.5 10 0 1 0
-2.5 2.5 -10 0 1 0
-2.5 -2.5 -10 0 1 0
2.5 2.5 -10 0 1 0
2.5 -2.5 -10 0 1 0
/body/
-1.75 1.75 11.25 0 1 0
-1.75 -1.75 11.25 0 1 0
1.75 1.75 11.25 0 1 0
1.75 -1.75 11.25 0 1 0
/cockpit/
20 .5 1.5 0 1 0
20 -.5 1.5 0 1 0
20 .5 -1.5 0 1 0
20 -.5 -1.5 0 1 0
/left wing 2/
-20 .5 1.5 0 1 0
-20 -.5 1.5 0 1 0
-20 .5 -1.5 0 1 0
-20 -.5 -1.5 0 1 0
/right wing 2/
2.5 .5 1.5 0 1 0
2.5 -.5 1.5 0 1 0
2.5 .5 -1.5 0 1 0
2.5 -.5 -1.5 0 1 0
/left wing 1/
-2.5 .5 1.5 0 1 0
-2.5 -.5 1.5 0 1 0
-2.5 .5 -1.5 0 1 0
-2.5 -.5 -1.5 0 1 0
/right wing 1/
-2.5 3.5 -13 0 1 0
2.5 3.5 -13 0 1 0
-2.5 3.5 -15 0 1 0
2.5 3.5 -15 0 1 0
/back wing 1/
-2 6 -15.5 0 1 0
-2 6 -16.5 0 1 0
2 6 -15.5 0 1 0
2 6 -16.5 0 1 0
/back wing 2/
21 .5 1.5 0 1 0
21 .5 -1.5 0 1 0
/left wing 3/
-21 .5 1.5 0 1 0
-21 .5 -1.5 0 1 0
/right wing 3/